{
  "cells": [
    {
      "cell_type": "code",
      "execution_count": null,
      "metadata": {
        "id": "fbQtw6iYBrJk",
        "colab": {
          "base_uri": "https://localhost:8080/"
        },
        "outputId": "5fc0c7a9-b3d5-4e8a-bbb6-aa245a3cb183"
      },
      "outputs": [
        {
          "output_type": "stream",
          "name": "stdout",
          "text": [
            "Mounted at /content/drive\n"
          ]
        }
      ],
      "source": [
        "from google.colab import drive\n",
        "drive.mount('/content/drive')"
      ]
    },
    {
      "cell_type": "code",
      "execution_count": null,
      "metadata": {
        "id": "NMAQfFqN5Xue"
      },
      "outputs": [],
      "source": [
        "import numpy as np\n",
        "import pandas as pd\n",
        "import seaborn as sns\n",
        "import matplotlib.pyplot as plt\n",
        "from sklearn.compose import ColumnTransformer\n",
        "from sklearn.impute import SimpleImputer\n",
        "from sklearn.preprocessing import OneHotEncoder\n",
        "from sklearn.preprocessing import MinMaxScaler\n",
        "from sklearn.preprocessing import StandardScaler\n",
        "from sklearn.pipeline import Pipeline\n",
        "from sklearn.feature_selection import SelectKBest,chi2\n",
        "from sklearn.model_selection import train_test_split\n",
        "from sklearn.linear_model import LogisticRegression\n",
        "from sklearn.neighbors import KNeighborsClassifier\n",
        "from sklearn.svm import SVC\n",
        "from sklearn.ensemble import RandomForestClassifier\n",
        "from sklearn.tree import DecisionTreeClassifier\n",
        "from sklearn.naive_bayes import GaussianNB\n",
        "from sklearn.neural_network import MLPClassifier\n",
        "from sklearn.metrics import classification_report\n",
        "from sklearn.metrics import confusion_matrix\n",
        "from sklearn.metrics import f1_score\n",
        "from sklearn.model_selection import GridSearchCV\n",
        "from sklearn.impute import KNNImputer\n",
        "from sklearn.preprocessing import RobustScaler\n",
        "from sklearn.experimental import enable_iterative_imputer\n",
        "from sklearn.impute import IterativeImputer"
      ]
    },
    {
      "cell_type": "code",
      "execution_count": null,
      "metadata": {
        "id": "aUUUVbwk44_B"
      },
      "outputs": [],
      "source": [
        "def read_train_val(directory):\n",
        "  train_val=pd.read_csv(directory)\n",
        "  return train_val\n",
        "\n",
        "\n",
        "directory='/content/drive/MyDrive/Colab Notebooks/Machine Learning/Project1/train-val.csv'\n",
        "train_val=read_train_val(directory)"
      ]
    },
    {
      "cell_type": "code",
      "execution_count": null,
      "metadata": {
        "id": "zRabPOXI9iAi"
      },
      "outputs": [],
      "source": [
        "def read_test(directory):\n",
        "  test=pd.read_csv(directory)\n",
        "  return test\n",
        "\n",
        "directory='/content/drive/MyDrive/Colab Notebooks/Machine Learning/Project1/test.csv'\n",
        "test_set=read_test(directory)"
      ]
    },
    {
      "cell_type": "markdown",
      "source": [
        "# Exploratory Data **Analysis**"
      ],
      "metadata": {
        "id": "J41lHKpb24jD"
      }
    },
    {
      "cell_type": "markdown",
      "metadata": {
        "id": "TNnvH6ygAgbw"
      },
      "source": [
        "Τα δείγματα είναι τόσα όσες και οι γραμμές του train_val ενώ τα χαρακτηριστικά είναι όσες οι στήλες του train_val μείον 1 καθώς το RainTomorrow είναι το target value."
      ]
    },
    {
      "cell_type": "code",
      "execution_count": null,
      "metadata": {
        "colab": {
          "base_uri": "https://localhost:8080/"
        },
        "id": "MiSb0b0sAjCb",
        "outputId": "0207eede-63fc-43e6-dcd7-3bffe250de58"
      },
      "outputs": [
        {
          "name": "stdout",
          "output_type": "stream",
          "text": [
            "Ο αριθμός των δειγμάτων είναι: 48423\n",
            "Ο αριθμός των χαρακτηριστικών: 23\n"
          ]
        }
      ],
      "source": [
        "\n",
        "num_samples=len(train_val) #Αριθμός Δειγμάτων\n",
        "num_features=len(train_val.columns)-1 #Αριθμός Χαρακτηριστικών\n",
        "\n",
        "print(f'Ο αριθμός των δειγμάτων είναι: {num_samples}')\n",
        "print(f'Ο αριθμός των χαρακτηριστικών: {num_features}')\n"
      ]
    },
    {
      "cell_type": "markdown",
      "metadata": {
        "id": "-9KnrPcjDkTb"
      },
      "source": [
        " Παρατηρούμε πως τα περισσότερα χαρακτηριστικα είναι αριθμητικά παρ'όλα αυτά έχουμε και 5 κατηγορικά."
      ]
    },
    {
      "cell_type": "code",
      "execution_count": null,
      "metadata": {
        "colab": {
          "base_uri": "https://localhost:8080/"
        },
        "id": "X5-wN-qZDnaC",
        "outputId": "18c3f0cc-3509-4509-8eab-0d5b62d0ba6e"
      },
      "outputs": [
        {
          "name": "stdout",
          "output_type": "stream",
          "text": [
            "<class 'pandas.core.frame.DataFrame'>\n",
            "RangeIndex: 48423 entries, 0 to 48422\n",
            "Data columns (total 24 columns):\n",
            " #   Column         Non-Null Count  Dtype  \n",
            "---  ------         --------------  -----  \n",
            " 0   id             48423 non-null  int64  \n",
            " 1   Date           48423 non-null  object \n",
            " 2   Location       48423 non-null  object \n",
            " 3   MinTemp        48263 non-null  float64\n",
            " 4   MaxTemp        48322 non-null  float64\n",
            " 5   Rainfall       48423 non-null  float64\n",
            " 6   Evaporation    28039 non-null  float64\n",
            " 7   Sunshine       25426 non-null  float64\n",
            " 8   WindGustDir    45302 non-null  object \n",
            " 9   WindGustSpeed  45330 non-null  float64\n",
            " 10  WindDir9am     44602 non-null  object \n",
            " 11  WindDir3pm     47095 non-null  object \n",
            " 12  WindSpeed9am   48066 non-null  float64\n",
            " 13  WindSpeed3pm   47566 non-null  float64\n",
            " 14  Humidity9am    47865 non-null  float64\n",
            " 15  Humidity3pm    47164 non-null  float64\n",
            " 16  Pressure9am    43643 non-null  float64\n",
            " 17  Pressure3pm    43634 non-null  float64\n",
            " 18  Cloud9am       30533 non-null  float64\n",
            " 19  Cloud3pm       29442 non-null  float64\n",
            " 20  Temp9am        48197 non-null  float64\n",
            " 21  Temp3pm        47510 non-null  float64\n",
            " 22  RainToday      48423 non-null  float64\n",
            " 23  RainTomorrow   48423 non-null  float64\n",
            "dtypes: float64(18), int64(1), object(5)\n",
            "memory usage: 8.9+ MB\n"
          ]
        }
      ],
      "source": [
        "train_val.info()"
      ]
    },
    {
      "cell_type": "code",
      "execution_count": null,
      "metadata": {
        "colab": {
          "base_uri": "https://localhost:8080/"
        },
        "id": "QYraBiP_GokY",
        "outputId": "a9ef2664-f1ef-4b0d-ed49-0373ecfd9da4"
      },
      "outputs": [
        {
          "name": "stdout",
          "output_type": "stream",
          "text": [
            "Τα ονόματα των χαρακτηριστικών είναι: ['id', 'Date', 'Location', 'MinTemp', 'MaxTemp', 'Rainfall', 'Evaporation', 'Sunshine', 'WindGustDir', 'WindGustSpeed', 'WindDir9am', 'WindDir3pm', 'WindSpeed9am', 'WindSpeed3pm', 'Humidity9am', 'Humidity3pm', 'Pressure9am', 'Pressure3pm', 'Cloud9am', 'Cloud3pm', 'Temp9am', 'Temp3pm', 'RainToday']\n"
          ]
        }
      ],
      "source": [
        "features_names=[i for i in train_val.columns[:-1]]\n",
        "\n",
        "print('Τα ονόματα των χαρακτηριστικών είναι:', features_names)"
      ]
    },
    {
      "cell_type": "markdown",
      "metadata": {
        "id": "EJ3x3TsAHh8v"
      },
      "source": [
        " Για το πλήθος των κλάσεων αρκεί να δούμε πόσες διαφορετικές τιμές παίρνει η\n",
        "  η στήλη RainTomorrow"
      ]
    },
    {
      "cell_type": "code",
      "execution_count": null,
      "metadata": {
        "colab": {
          "base_uri": "https://localhost:8080/"
        },
        "id": "df-mrFCNJELk",
        "outputId": "a3c24922-815e-43e7-99ff-bb5d74029f72"
      },
      "outputs": [
        {
          "name": "stdout",
          "output_type": "stream",
          "text": [
            "Ο αριθμός των κλάσεων είναι 2\n"
          ]
        }
      ],
      "source": [
        "num_classes=train_val['RainTomorrow'].nunique()\n",
        "\n",
        "print(f'Ο αριθμός των κλάσεων είναι {num_classes}')"
      ]
    },
    {
      "cell_type": "markdown",
      "metadata": {
        "id": "D9x6krzuL9YD"
      },
      "source": [
        "\n",
        "**C1** = { Θα βρέξει αύριο },\n",
        "**C0**= { Δεν θα βρέξει αύριο }\n",
        "\n",
        "Για να βρούμε το cardinality της **C1** αρκεί να προσθέσουμε όλες τις τιμές της στήλης Rain_Tomorrow, καθως όποιο δείγμα ανήκει στην **C1** έχει label ίσο με 1 ενώ όποιο ανήκει στην **C0** με 0. Για το cardinality της **C0** αφαιρούμε αυτό που βρήκαμε από τον αριθμό των δειγμάτων."
      ]
    },
    {
      "cell_type": "code",
      "execution_count": null,
      "metadata": {
        "colab": {
          "base_uri": "https://localhost:8080/"
        },
        "id": "M43jpW1dLX50",
        "outputId": "f9ce45b3-496a-4f7a-9922-ff511aa07ce5"
      },
      "outputs": [
        {
          "name": "stdout",
          "output_type": "stream",
          "text": [
            "Ο αριθμός των δειγμάτων που ανήκουν στην κλάση C1 είναι : 11059\n",
            "Ο αριθμός των δειγμάτων που ανήκουν στην κλάση C0 είναι : 37364\n"
          ]
        }
      ],
      "source": [
        "num_class_rain=int(sum(train_val['RainTomorrow']))\n",
        "num_class_norain=num_samples-num_class_rain\n",
        "\n",
        "print(f'Ο αριθμός των δειγμάτων που ανήκουν στην κλάση C1 είναι : {num_class_rain}')\n",
        "print(f'Ο αριθμός των δειγμάτων που ανήκουν στην κλάση C0 είναι : {num_class_norain}')"
      ]
    },
    {
      "cell_type": "markdown",
      "metadata": {
        "id": "41nrY9pkOzKA"
      },
      "source": [
        " Για να εξετάσουμε τη συσχέτιση μεταξύ των αριθμητικών μας χαρακτηριστικών τυπώνουμε το correlation matrix καθώς και σχεδιάζουμε ενα heatmap του correlation για να εντοπίζουμε πιο εύκολα τα χαρακτηριστικά που έχουν μεγάλη συσχέτιση μεταξύ τους."
      ]
    },
    {
      "cell_type": "code",
      "execution_count": null,
      "metadata": {
        "colab": {
          "base_uri": "https://localhost:8080/",
          "height": 645
        },
        "id": "edoYUbKxO0r0",
        "outputId": "0313d5e8-634f-4dc4-e091-c2740424b72b"
      },
      "outputs": [
        {
          "output_type": "execute_result",
          "data": {
            "text/plain": [
              "                     id   MinTemp   MaxTemp  Rainfall  Evaporation  Sunshine  \\\n",
              "id             1.000000  0.104771  0.136331 -0.024047     0.096221  0.078911   \n",
              "MinTemp        0.104771  1.000000  0.715692  0.096510     0.457483  0.053477   \n",
              "MaxTemp        0.136331  0.715692  1.000000 -0.103864     0.586798  0.469859   \n",
              "Rainfall      -0.024047  0.096510 -0.103864  1.000000    -0.069284 -0.210261   \n",
              "Evaporation    0.096221  0.457483  0.586798 -0.069284     1.000000  0.351482   \n",
              "Sunshine       0.078911  0.053477  0.469859 -0.210261     0.351482  1.000000   \n",
              "WindGustSpeed  0.047488  0.163349  0.013580  0.160382     0.194751 -0.051283   \n",
              "WindSpeed9am   0.062482  0.193476  0.003229  0.102262     0.208774 -0.001514   \n",
              "WindSpeed3pm   0.040819  0.183079  0.054409  0.068231     0.154487  0.055941   \n",
              "Humidity9am   -0.129400 -0.232420 -0.485241  0.217506    -0.521304 -0.471021   \n",
              "Humidity3pm   -0.085483  0.021193 -0.504320  0.258283    -0.392778 -0.634892   \n",
              "Pressure9am   -0.104157 -0.372295 -0.224734 -0.178761    -0.226294  0.078309   \n",
              "Pressure3pm   -0.108251 -0.385832 -0.331614 -0.125762    -0.261228  0.010106   \n",
              "Cloud9am      -0.073085  0.071455 -0.304386  0.202290    -0.188185 -0.693561   \n",
              "Cloud3pm      -0.066481  0.006876 -0.305659  0.162473    -0.193911 -0.708928   \n",
              "Temp9am        0.139226  0.892621  0.881130 -0.007844     0.556079  0.286368   \n",
              "Temp3pm        0.120342  0.682041  0.984609 -0.108617     0.569842  0.492766   \n",
              "RainToday     -0.003840  0.065077 -0.247060  0.527639    -0.191368 -0.314345   \n",
              "RainTomorrow  -0.002691  0.084001 -0.177480  0.244867    -0.122146 -0.437883   \n",
              "\n",
              "               WindGustSpeed  WindSpeed9am  WindSpeed3pm  Humidity9am  \\\n",
              "id                  0.047488      0.062482      0.040819    -0.129400   \n",
              "MinTemp             0.163349      0.193476      0.183079    -0.232420   \n",
              "MaxTemp             0.013580      0.003229      0.054409    -0.485241   \n",
              "Rainfall            0.160382      0.102262      0.068231     0.217506   \n",
              "Evaporation         0.194751      0.208774      0.154487    -0.521304   \n",
              "Sunshine           -0.051283     -0.001514      0.055941    -0.471021   \n",
              "WindGustSpeed       1.000000      0.633542      0.715518    -0.214060   \n",
              "WindSpeed9am        0.633542      1.000000      0.541097    -0.289202   \n",
              "WindSpeed3pm        0.715518      0.541097      1.000000    -0.166434   \n",
              "Humidity9am        -0.214060     -0.289202     -0.166434     1.000000   \n",
              "Humidity3pm         0.004057     -0.019900     -0.003281     0.644709   \n",
              "Pressure9am        -0.485376     -0.266217     -0.327326     0.117477   \n",
              "Pressure3pm        -0.434426     -0.212422     -0.289712     0.167571   \n",
              "Cloud9am            0.086327      0.035081      0.048956     0.439629   \n",
              "Cloud3pm            0.125622      0.066148      0.032267     0.349397   \n",
              "Temp9am             0.123985      0.141875      0.169477    -0.472335   \n",
              "Temp3pm            -0.024427     -0.008063      0.030884    -0.478217   \n",
              "RainToday           0.188300      0.121898      0.097368     0.332583   \n",
              "RainTomorrow        0.258618      0.118477      0.109116     0.244048   \n",
              "\n",
              "               Humidity3pm  Pressure9am  Pressure3pm  Cloud9am  Cloud3pm  \\\n",
              "id               -0.085483    -0.104157    -0.108251 -0.073085 -0.066481   \n",
              "MinTemp           0.021193    -0.372295    -0.385832  0.071455  0.006876   \n",
              "MaxTemp          -0.504320    -0.224734    -0.331614 -0.304386 -0.305659   \n",
              "Rainfall          0.258283    -0.178761    -0.125762  0.202290  0.162473   \n",
              "Evaporation      -0.392778    -0.226294    -0.261228 -0.188185 -0.193911   \n",
              "Sunshine         -0.634892     0.078309     0.010106 -0.693561 -0.708928   \n",
              "WindGustSpeed     0.004057    -0.485376    -0.434426  0.086327  0.125622   \n",
              "WindSpeed9am     -0.019900    -0.266217    -0.212422  0.035081  0.066148   \n",
              "WindSpeed3pm     -0.003281    -0.327326    -0.289712  0.048956  0.032267   \n",
              "Humidity9am       0.644709     0.117477     0.167571  0.439629  0.349397   \n",
              "Humidity3pm       1.000000    -0.063572     0.019297  0.518187  0.536139   \n",
              "Pressure9am      -0.063572     1.000000     0.959218 -0.135572 -0.150569   \n",
              "Pressure3pm       0.019297     0.959218     1.000000 -0.065816 -0.082215   \n",
              "Cloud9am          0.518187    -0.135572    -0.065816  1.000000  0.609241   \n",
              "Cloud3pm          0.536139    -0.150569    -0.082215  0.609241  1.000000   \n",
              "Temp9am          -0.218612    -0.331612    -0.386751 -0.151065 -0.152008   \n",
              "Temp3pm          -0.556450    -0.175755    -0.289701 -0.315585 -0.347408   \n",
              "RainToday         0.375488    -0.216675    -0.121562  0.306448  0.262506   \n",
              "RainTomorrow      0.458234    -0.273063    -0.247978  0.322673  0.381305   \n",
              "\n",
              "                Temp9am   Temp3pm  RainToday  RainTomorrow  \n",
              "id             0.139226  0.120342  -0.003840     -0.002691  \n",
              "MinTemp        0.892621  0.682041   0.065077      0.084001  \n",
              "MaxTemp        0.881130  0.984609  -0.247060     -0.177480  \n",
              "Rainfall      -0.007844 -0.108617   0.527639      0.244867  \n",
              "Evaporation    0.556079  0.569842  -0.191368     -0.122146  \n",
              "Sunshine       0.286368  0.492766  -0.314345     -0.437883  \n",
              "WindGustSpeed  0.123985 -0.024427   0.188300      0.258618  \n",
              "WindSpeed9am   0.141875 -0.008063   0.121898      0.118477  \n",
              "WindSpeed3pm   0.169477  0.030884   0.097368      0.109116  \n",
              "Humidity9am   -0.472335 -0.478217   0.332583      0.244048  \n",
              "Humidity3pm   -0.218612 -0.556450   0.375488      0.458234  \n",
              "Pressure9am   -0.331612 -0.175755  -0.216675     -0.273063  \n",
              "Pressure3pm   -0.386751 -0.289701  -0.121562     -0.247978  \n",
              "Cloud9am      -0.151065 -0.315585   0.306448      0.322673  \n",
              "Cloud3pm      -0.152008 -0.347408   0.262506      0.381305  \n",
              "Temp9am        1.000000  0.850474  -0.100329     -0.034741  \n",
              "Temp3pm        0.850474  1.000000  -0.253352     -0.211749  \n",
              "RainToday     -0.100329 -0.253352   1.000000      0.314222  \n",
              "RainTomorrow  -0.034741 -0.211749   0.314222      1.000000  "
            ],
            "text/html": [
              "\n",
              "  <div id=\"df-2016b02e-53e3-430c-ad34-367cec2ed3ac\" class=\"colab-df-container\">\n",
              "    <div>\n",
              "<style scoped>\n",
              "    .dataframe tbody tr th:only-of-type {\n",
              "        vertical-align: middle;\n",
              "    }\n",
              "\n",
              "    .dataframe tbody tr th {\n",
              "        vertical-align: top;\n",
              "    }\n",
              "\n",
              "    .dataframe thead th {\n",
              "        text-align: right;\n",
              "    }\n",
              "</style>\n",
              "<table border=\"1\" class=\"dataframe\">\n",
              "  <thead>\n",
              "    <tr style=\"text-align: right;\">\n",
              "      <th></th>\n",
              "      <th>id</th>\n",
              "      <th>MinTemp</th>\n",
              "      <th>MaxTemp</th>\n",
              "      <th>Rainfall</th>\n",
              "      <th>Evaporation</th>\n",
              "      <th>Sunshine</th>\n",
              "      <th>WindGustSpeed</th>\n",
              "      <th>WindSpeed9am</th>\n",
              "      <th>WindSpeed3pm</th>\n",
              "      <th>Humidity9am</th>\n",
              "      <th>Humidity3pm</th>\n",
              "      <th>Pressure9am</th>\n",
              "      <th>Pressure3pm</th>\n",
              "      <th>Cloud9am</th>\n",
              "      <th>Cloud3pm</th>\n",
              "      <th>Temp9am</th>\n",
              "      <th>Temp3pm</th>\n",
              "      <th>RainToday</th>\n",
              "      <th>RainTomorrow</th>\n",
              "    </tr>\n",
              "  </thead>\n",
              "  <tbody>\n",
              "    <tr>\n",
              "      <th>id</th>\n",
              "      <td>1.000000</td>\n",
              "      <td>0.104771</td>\n",
              "      <td>0.136331</td>\n",
              "      <td>-0.024047</td>\n",
              "      <td>0.096221</td>\n",
              "      <td>0.078911</td>\n",
              "      <td>0.047488</td>\n",
              "      <td>0.062482</td>\n",
              "      <td>0.040819</td>\n",
              "      <td>-0.129400</td>\n",
              "      <td>-0.085483</td>\n",
              "      <td>-0.104157</td>\n",
              "      <td>-0.108251</td>\n",
              "      <td>-0.073085</td>\n",
              "      <td>-0.066481</td>\n",
              "      <td>0.139226</td>\n",
              "      <td>0.120342</td>\n",
              "      <td>-0.003840</td>\n",
              "      <td>-0.002691</td>\n",
              "    </tr>\n",
              "    <tr>\n",
              "      <th>MinTemp</th>\n",
              "      <td>0.104771</td>\n",
              "      <td>1.000000</td>\n",
              "      <td>0.715692</td>\n",
              "      <td>0.096510</td>\n",
              "      <td>0.457483</td>\n",
              "      <td>0.053477</td>\n",
              "      <td>0.163349</td>\n",
              "      <td>0.193476</td>\n",
              "      <td>0.183079</td>\n",
              "      <td>-0.232420</td>\n",
              "      <td>0.021193</td>\n",
              "      <td>-0.372295</td>\n",
              "      <td>-0.385832</td>\n",
              "      <td>0.071455</td>\n",
              "      <td>0.006876</td>\n",
              "      <td>0.892621</td>\n",
              "      <td>0.682041</td>\n",
              "      <td>0.065077</td>\n",
              "      <td>0.084001</td>\n",
              "    </tr>\n",
              "    <tr>\n",
              "      <th>MaxTemp</th>\n",
              "      <td>0.136331</td>\n",
              "      <td>0.715692</td>\n",
              "      <td>1.000000</td>\n",
              "      <td>-0.103864</td>\n",
              "      <td>0.586798</td>\n",
              "      <td>0.469859</td>\n",
              "      <td>0.013580</td>\n",
              "      <td>0.003229</td>\n",
              "      <td>0.054409</td>\n",
              "      <td>-0.485241</td>\n",
              "      <td>-0.504320</td>\n",
              "      <td>-0.224734</td>\n",
              "      <td>-0.331614</td>\n",
              "      <td>-0.304386</td>\n",
              "      <td>-0.305659</td>\n",
              "      <td>0.881130</td>\n",
              "      <td>0.984609</td>\n",
              "      <td>-0.247060</td>\n",
              "      <td>-0.177480</td>\n",
              "    </tr>\n",
              "    <tr>\n",
              "      <th>Rainfall</th>\n",
              "      <td>-0.024047</td>\n",
              "      <td>0.096510</td>\n",
              "      <td>-0.103864</td>\n",
              "      <td>1.000000</td>\n",
              "      <td>-0.069284</td>\n",
              "      <td>-0.210261</td>\n",
              "      <td>0.160382</td>\n",
              "      <td>0.102262</td>\n",
              "      <td>0.068231</td>\n",
              "      <td>0.217506</td>\n",
              "      <td>0.258283</td>\n",
              "      <td>-0.178761</td>\n",
              "      <td>-0.125762</td>\n",
              "      <td>0.202290</td>\n",
              "      <td>0.162473</td>\n",
              "      <td>-0.007844</td>\n",
              "      <td>-0.108617</td>\n",
              "      <td>0.527639</td>\n",
              "      <td>0.244867</td>\n",
              "    </tr>\n",
              "    <tr>\n",
              "      <th>Evaporation</th>\n",
              "      <td>0.096221</td>\n",
              "      <td>0.457483</td>\n",
              "      <td>0.586798</td>\n",
              "      <td>-0.069284</td>\n",
              "      <td>1.000000</td>\n",
              "      <td>0.351482</td>\n",
              "      <td>0.194751</td>\n",
              "      <td>0.208774</td>\n",
              "      <td>0.154487</td>\n",
              "      <td>-0.521304</td>\n",
              "      <td>-0.392778</td>\n",
              "      <td>-0.226294</td>\n",
              "      <td>-0.261228</td>\n",
              "      <td>-0.188185</td>\n",
              "      <td>-0.193911</td>\n",
              "      <td>0.556079</td>\n",
              "      <td>0.569842</td>\n",
              "      <td>-0.191368</td>\n",
              "      <td>-0.122146</td>\n",
              "    </tr>\n",
              "    <tr>\n",
              "      <th>Sunshine</th>\n",
              "      <td>0.078911</td>\n",
              "      <td>0.053477</td>\n",
              "      <td>0.469859</td>\n",
              "      <td>-0.210261</td>\n",
              "      <td>0.351482</td>\n",
              "      <td>1.000000</td>\n",
              "      <td>-0.051283</td>\n",
              "      <td>-0.001514</td>\n",
              "      <td>0.055941</td>\n",
              "      <td>-0.471021</td>\n",
              "      <td>-0.634892</td>\n",
              "      <td>0.078309</td>\n",
              "      <td>0.010106</td>\n",
              "      <td>-0.693561</td>\n",
              "      <td>-0.708928</td>\n",
              "      <td>0.286368</td>\n",
              "      <td>0.492766</td>\n",
              "      <td>-0.314345</td>\n",
              "      <td>-0.437883</td>\n",
              "    </tr>\n",
              "    <tr>\n",
              "      <th>WindGustSpeed</th>\n",
              "      <td>0.047488</td>\n",
              "      <td>0.163349</td>\n",
              "      <td>0.013580</td>\n",
              "      <td>0.160382</td>\n",
              "      <td>0.194751</td>\n",
              "      <td>-0.051283</td>\n",
              "      <td>1.000000</td>\n",
              "      <td>0.633542</td>\n",
              "      <td>0.715518</td>\n",
              "      <td>-0.214060</td>\n",
              "      <td>0.004057</td>\n",
              "      <td>-0.485376</td>\n",
              "      <td>-0.434426</td>\n",
              "      <td>0.086327</td>\n",
              "      <td>0.125622</td>\n",
              "      <td>0.123985</td>\n",
              "      <td>-0.024427</td>\n",
              "      <td>0.188300</td>\n",
              "      <td>0.258618</td>\n",
              "    </tr>\n",
              "    <tr>\n",
              "      <th>WindSpeed9am</th>\n",
              "      <td>0.062482</td>\n",
              "      <td>0.193476</td>\n",
              "      <td>0.003229</td>\n",
              "      <td>0.102262</td>\n",
              "      <td>0.208774</td>\n",
              "      <td>-0.001514</td>\n",
              "      <td>0.633542</td>\n",
              "      <td>1.000000</td>\n",
              "      <td>0.541097</td>\n",
              "      <td>-0.289202</td>\n",
              "      <td>-0.019900</td>\n",
              "      <td>-0.266217</td>\n",
              "      <td>-0.212422</td>\n",
              "      <td>0.035081</td>\n",
              "      <td>0.066148</td>\n",
              "      <td>0.141875</td>\n",
              "      <td>-0.008063</td>\n",
              "      <td>0.121898</td>\n",
              "      <td>0.118477</td>\n",
              "    </tr>\n",
              "    <tr>\n",
              "      <th>WindSpeed3pm</th>\n",
              "      <td>0.040819</td>\n",
              "      <td>0.183079</td>\n",
              "      <td>0.054409</td>\n",
              "      <td>0.068231</td>\n",
              "      <td>0.154487</td>\n",
              "      <td>0.055941</td>\n",
              "      <td>0.715518</td>\n",
              "      <td>0.541097</td>\n",
              "      <td>1.000000</td>\n",
              "      <td>-0.166434</td>\n",
              "      <td>-0.003281</td>\n",
              "      <td>-0.327326</td>\n",
              "      <td>-0.289712</td>\n",
              "      <td>0.048956</td>\n",
              "      <td>0.032267</td>\n",
              "      <td>0.169477</td>\n",
              "      <td>0.030884</td>\n",
              "      <td>0.097368</td>\n",
              "      <td>0.109116</td>\n",
              "    </tr>\n",
              "    <tr>\n",
              "      <th>Humidity9am</th>\n",
              "      <td>-0.129400</td>\n",
              "      <td>-0.232420</td>\n",
              "      <td>-0.485241</td>\n",
              "      <td>0.217506</td>\n",
              "      <td>-0.521304</td>\n",
              "      <td>-0.471021</td>\n",
              "      <td>-0.214060</td>\n",
              "      <td>-0.289202</td>\n",
              "      <td>-0.166434</td>\n",
              "      <td>1.000000</td>\n",
              "      <td>0.644709</td>\n",
              "      <td>0.117477</td>\n",
              "      <td>0.167571</td>\n",
              "      <td>0.439629</td>\n",
              "      <td>0.349397</td>\n",
              "      <td>-0.472335</td>\n",
              "      <td>-0.478217</td>\n",
              "      <td>0.332583</td>\n",
              "      <td>0.244048</td>\n",
              "    </tr>\n",
              "    <tr>\n",
              "      <th>Humidity3pm</th>\n",
              "      <td>-0.085483</td>\n",
              "      <td>0.021193</td>\n",
              "      <td>-0.504320</td>\n",
              "      <td>0.258283</td>\n",
              "      <td>-0.392778</td>\n",
              "      <td>-0.634892</td>\n",
              "      <td>0.004057</td>\n",
              "      <td>-0.019900</td>\n",
              "      <td>-0.003281</td>\n",
              "      <td>0.644709</td>\n",
              "      <td>1.000000</td>\n",
              "      <td>-0.063572</td>\n",
              "      <td>0.019297</td>\n",
              "      <td>0.518187</td>\n",
              "      <td>0.536139</td>\n",
              "      <td>-0.218612</td>\n",
              "      <td>-0.556450</td>\n",
              "      <td>0.375488</td>\n",
              "      <td>0.458234</td>\n",
              "    </tr>\n",
              "    <tr>\n",
              "      <th>Pressure9am</th>\n",
              "      <td>-0.104157</td>\n",
              "      <td>-0.372295</td>\n",
              "      <td>-0.224734</td>\n",
              "      <td>-0.178761</td>\n",
              "      <td>-0.226294</td>\n",
              "      <td>0.078309</td>\n",
              "      <td>-0.485376</td>\n",
              "      <td>-0.266217</td>\n",
              "      <td>-0.327326</td>\n",
              "      <td>0.117477</td>\n",
              "      <td>-0.063572</td>\n",
              "      <td>1.000000</td>\n",
              "      <td>0.959218</td>\n",
              "      <td>-0.135572</td>\n",
              "      <td>-0.150569</td>\n",
              "      <td>-0.331612</td>\n",
              "      <td>-0.175755</td>\n",
              "      <td>-0.216675</td>\n",
              "      <td>-0.273063</td>\n",
              "    </tr>\n",
              "    <tr>\n",
              "      <th>Pressure3pm</th>\n",
              "      <td>-0.108251</td>\n",
              "      <td>-0.385832</td>\n",
              "      <td>-0.331614</td>\n",
              "      <td>-0.125762</td>\n",
              "      <td>-0.261228</td>\n",
              "      <td>0.010106</td>\n",
              "      <td>-0.434426</td>\n",
              "      <td>-0.212422</td>\n",
              "      <td>-0.289712</td>\n",
              "      <td>0.167571</td>\n",
              "      <td>0.019297</td>\n",
              "      <td>0.959218</td>\n",
              "      <td>1.000000</td>\n",
              "      <td>-0.065816</td>\n",
              "      <td>-0.082215</td>\n",
              "      <td>-0.386751</td>\n",
              "      <td>-0.289701</td>\n",
              "      <td>-0.121562</td>\n",
              "      <td>-0.247978</td>\n",
              "    </tr>\n",
              "    <tr>\n",
              "      <th>Cloud9am</th>\n",
              "      <td>-0.073085</td>\n",
              "      <td>0.071455</td>\n",
              "      <td>-0.304386</td>\n",
              "      <td>0.202290</td>\n",
              "      <td>-0.188185</td>\n",
              "      <td>-0.693561</td>\n",
              "      <td>0.086327</td>\n",
              "      <td>0.035081</td>\n",
              "      <td>0.048956</td>\n",
              "      <td>0.439629</td>\n",
              "      <td>0.518187</td>\n",
              "      <td>-0.135572</td>\n",
              "      <td>-0.065816</td>\n",
              "      <td>1.000000</td>\n",
              "      <td>0.609241</td>\n",
              "      <td>-0.151065</td>\n",
              "      <td>-0.315585</td>\n",
              "      <td>0.306448</td>\n",
              "      <td>0.322673</td>\n",
              "    </tr>\n",
              "    <tr>\n",
              "      <th>Cloud3pm</th>\n",
              "      <td>-0.066481</td>\n",
              "      <td>0.006876</td>\n",
              "      <td>-0.305659</td>\n",
              "      <td>0.162473</td>\n",
              "      <td>-0.193911</td>\n",
              "      <td>-0.708928</td>\n",
              "      <td>0.125622</td>\n",
              "      <td>0.066148</td>\n",
              "      <td>0.032267</td>\n",
              "      <td>0.349397</td>\n",
              "      <td>0.536139</td>\n",
              "      <td>-0.150569</td>\n",
              "      <td>-0.082215</td>\n",
              "      <td>0.609241</td>\n",
              "      <td>1.000000</td>\n",
              "      <td>-0.152008</td>\n",
              "      <td>-0.347408</td>\n",
              "      <td>0.262506</td>\n",
              "      <td>0.381305</td>\n",
              "    </tr>\n",
              "    <tr>\n",
              "      <th>Temp9am</th>\n",
              "      <td>0.139226</td>\n",
              "      <td>0.892621</td>\n",
              "      <td>0.881130</td>\n",
              "      <td>-0.007844</td>\n",
              "      <td>0.556079</td>\n",
              "      <td>0.286368</td>\n",
              "      <td>0.123985</td>\n",
              "      <td>0.141875</td>\n",
              "      <td>0.169477</td>\n",
              "      <td>-0.472335</td>\n",
              "      <td>-0.218612</td>\n",
              "      <td>-0.331612</td>\n",
              "      <td>-0.386751</td>\n",
              "      <td>-0.151065</td>\n",
              "      <td>-0.152008</td>\n",
              "      <td>1.000000</td>\n",
              "      <td>0.850474</td>\n",
              "      <td>-0.100329</td>\n",
              "      <td>-0.034741</td>\n",
              "    </tr>\n",
              "    <tr>\n",
              "      <th>Temp3pm</th>\n",
              "      <td>0.120342</td>\n",
              "      <td>0.682041</td>\n",
              "      <td>0.984609</td>\n",
              "      <td>-0.108617</td>\n",
              "      <td>0.569842</td>\n",
              "      <td>0.492766</td>\n",
              "      <td>-0.024427</td>\n",
              "      <td>-0.008063</td>\n",
              "      <td>0.030884</td>\n",
              "      <td>-0.478217</td>\n",
              "      <td>-0.556450</td>\n",
              "      <td>-0.175755</td>\n",
              "      <td>-0.289701</td>\n",
              "      <td>-0.315585</td>\n",
              "      <td>-0.347408</td>\n",
              "      <td>0.850474</td>\n",
              "      <td>1.000000</td>\n",
              "      <td>-0.253352</td>\n",
              "      <td>-0.211749</td>\n",
              "    </tr>\n",
              "    <tr>\n",
              "      <th>RainToday</th>\n",
              "      <td>-0.003840</td>\n",
              "      <td>0.065077</td>\n",
              "      <td>-0.247060</td>\n",
              "      <td>0.527639</td>\n",
              "      <td>-0.191368</td>\n",
              "      <td>-0.314345</td>\n",
              "      <td>0.188300</td>\n",
              "      <td>0.121898</td>\n",
              "      <td>0.097368</td>\n",
              "      <td>0.332583</td>\n",
              "      <td>0.375488</td>\n",
              "      <td>-0.216675</td>\n",
              "      <td>-0.121562</td>\n",
              "      <td>0.306448</td>\n",
              "      <td>0.262506</td>\n",
              "      <td>-0.100329</td>\n",
              "      <td>-0.253352</td>\n",
              "      <td>1.000000</td>\n",
              "      <td>0.314222</td>\n",
              "    </tr>\n",
              "    <tr>\n",
              "      <th>RainTomorrow</th>\n",
              "      <td>-0.002691</td>\n",
              "      <td>0.084001</td>\n",
              "      <td>-0.177480</td>\n",
              "      <td>0.244867</td>\n",
              "      <td>-0.122146</td>\n",
              "      <td>-0.437883</td>\n",
              "      <td>0.258618</td>\n",
              "      <td>0.118477</td>\n",
              "      <td>0.109116</td>\n",
              "      <td>0.244048</td>\n",
              "      <td>0.458234</td>\n",
              "      <td>-0.273063</td>\n",
              "      <td>-0.247978</td>\n",
              "      <td>0.322673</td>\n",
              "      <td>0.381305</td>\n",
              "      <td>-0.034741</td>\n",
              "      <td>-0.211749</td>\n",
              "      <td>0.314222</td>\n",
              "      <td>1.000000</td>\n",
              "    </tr>\n",
              "  </tbody>\n",
              "</table>\n",
              "</div>\n",
              "    <div class=\"colab-df-buttons\">\n",
              "\n",
              "  <div class=\"colab-df-container\">\n",
              "    <button class=\"colab-df-convert\" onclick=\"convertToInteractive('df-2016b02e-53e3-430c-ad34-367cec2ed3ac')\"\n",
              "            title=\"Convert this dataframe to an interactive table.\"\n",
              "            style=\"display:none;\">\n",
              "\n",
              "  <svg xmlns=\"http://www.w3.org/2000/svg\" height=\"24px\" viewBox=\"0 -960 960 960\">\n",
              "    <path d=\"M120-120v-720h720v720H120Zm60-500h600v-160H180v160Zm220 220h160v-160H400v160Zm0 220h160v-160H400v160ZM180-400h160v-160H180v160Zm440 0h160v-160H620v160ZM180-180h160v-160H180v160Zm440 0h160v-160H620v160Z\"/>\n",
              "  </svg>\n",
              "    </button>\n",
              "\n",
              "  <style>\n",
              "    .colab-df-container {\n",
              "      display:flex;\n",
              "      gap: 12px;\n",
              "    }\n",
              "\n",
              "    .colab-df-convert {\n",
              "      background-color: #E8F0FE;\n",
              "      border: none;\n",
              "      border-radius: 50%;\n",
              "      cursor: pointer;\n",
              "      display: none;\n",
              "      fill: #1967D2;\n",
              "      height: 32px;\n",
              "      padding: 0 0 0 0;\n",
              "      width: 32px;\n",
              "    }\n",
              "\n",
              "    .colab-df-convert:hover {\n",
              "      background-color: #E2EBFA;\n",
              "      box-shadow: 0px 1px 2px rgba(60, 64, 67, 0.3), 0px 1px 3px 1px rgba(60, 64, 67, 0.15);\n",
              "      fill: #174EA6;\n",
              "    }\n",
              "\n",
              "    .colab-df-buttons div {\n",
              "      margin-bottom: 4px;\n",
              "    }\n",
              "\n",
              "    [theme=dark] .colab-df-convert {\n",
